      14.0       0.3
      15.0       0.8
      16.0       0.1
      17.0       1.9
      18.0       9.5
      19.0       0.1
      25.0       0.1
      26.0       1.8
      27.0       4.4
      28.0      26.7
      29.0       3.5
      30.0       2.7
      31.0       0.3
      32.0       0.3
      36.0       0.1
      37.0       0.3
      38.0       0.5
      39.0       2.7
      40.0       0.9
      41.0      27.7
      42.0       2.5
      42.5       0.1
      43.0       1.2
      44.0       2.3
      45.0       3.0
      46.0       0.8
      51.0       0.2
      52.0       0.6
      53.0       0.3
      54.0       2.2
      55.0       2.8
      56.0      15.3
      57.0       1.1
      59.0       0.1
      60.0       0.2
      66.0       0.9
      67.0       0.1
      68.0       0.3
      69.0       0.3
      70.0       0.1
      71.0       0.1
      73.0       1.4
      74.0       3.4
      75.0       0.2
      82.0       0.4
      83.0       1.7
      84.0     100.0
      85.0       5.6
      86.0       0.3
      87.0       0.8
      88.0       0.1
     101.0       1.3
     102.0       8.1
     103.0       0.4
     129.0       3.5
     130.0       0.3
