      14.0       0.3
      15.0       1.2
      16.0       0.2
      17.0       2.0
      18.0       8.5
      19.0       0.4
      20.0       0.1
      25.0       0.2
      26.0       2.1
      27.0       6.2
      27.5       0.2
      28.0      36.0
      28.5       0.1
      29.0       5.5
      30.0       5.0
      31.0       0.5
      36.0       0.5
      37.0       0.3
      38.0       0.6
      39.0       3.8
      40.0       1.1
      41.0      29.1
      42.0       4.7
      42.5       0.1
      43.0       3.2
      44.0       2.8
      45.0       4.7
      46.0       2.5
      47.0       0.1
      51.0       0.3
      52.0       0.8
      53.0       0.5
      54.0       3.2
      55.0       4.0
      56.0      27.2
      57.0       2.3
      58.0       0.2
      59.0       0.2
      60.0       0.6
      61.0       0.1
      66.0       1.1
      67.0       0.3
      68.0       0.5
      69.0       0.6
      70.0       0.4
      71.0       0.4
      72.0       0.2
      73.0       2.2
      74.0       7.4
      75.0       0.5
      81.0       0.2
      82.0       0.6
      83.0       1.7
      84.0     100.0
      85.0       6.3
      86.0       0.5
      87.0       1.8
      88.0       0.4
      95.0       0.2
      96.0       0.1
      97.0       0.2
      98.0       0.1
      99.0       0.1
     100.0       0.2
     101.0       2.5
     102.0      19.1
     103.0       1.0
     104.0       0.1
     111.0       0.2
     113.0       0.1
     129.0       4.1
     130.0       0.4
     186.0       0.1
