      14.0       0.2
      15.0       0.5
      16.0       3.9
      17.0       5.4
      18.0      18.0
      19.0       0.2
      26.0       0.5
      27.0       2.9
      28.0       6.3
      29.0       2.0
      30.0      39.8
      31.0       2.4
      32.0      17.7
      33.0       0.3
      35.0       0.1
      36.0       0.5
      37.0       0.5
      38.0       1.6
      39.0      10.2
      39.5       0.1
      40.0       1.3
      41.0       1.8
      42.0       1.1
      43.0       2.1
      44.0       3.6
      45.0       0.5
      45.5       0.1
      46.0       0.2
      46.5       0.2
      47.5       0.1
      49.0       0.3
      50.0       3.1
      51.0       7.2
      51.5       0.2
      52.0       3.4
      52.5       0.6
      53.0       4.6
      54.0       1.4
      55.0       5.0
      56.0       0.5
      57.0       1.1
      58.0       0.3
      59.0       0.3
      60.0       0.5
      60.5       0.1
      61.0       0.6
      61.5       0.1
      62.0       2.1
      63.0       5.6
      64.0       3.7
      65.0      45.2
      66.0       4.5
      66.5       0.1
      67.0       2.2
      68.0       1.0
      69.0       0.6
      69.5       0.2
      70.0       0.7
      71.0       0.4
      72.0       0.1
      73.0       0.4
      74.0       0.8
      74.5       0.2
      75.0       1.2
      75.5       0.6
      76.0       1.7
      77.0       7.2
      78.0       5.1
      79.0       2.3
      80.0       2.4
      80.5       0.2
      81.0       6.6
      82.0       2.6
      83.0       1.3
      84.0       0.3
      85.0       0.2
      86.0       0.2
      87.0       0.4
      88.0       0.7
      89.0       1.1
      90.0       0.5
      91.0       1.0
      92.0       1.6
      93.0      80.0
      94.0       8.7
      95.0       2.7
      96.0       0.7
      97.0       0.4
      98.0       0.2
      99.0       0.1
     100.0       0.1
     101.0       0.3
     102.0       0.3
     103.0       1.0
     104.0       4.5
     105.0       2.9
     106.0       2.7
     107.0       2.2
     108.0       1.3
     109.0       5.8
     110.0       5.1
     111.0      26.8
     112.0       1.9
     113.0       0.3
     114.0       0.3
     115.0       1.2
     116.0       0.5
     117.0       0.3
     118.0       0.2
     119.0       0.3
     120.0       0.9
     121.0       1.5
     122.0       5.1
     123.0      11.8
     124.0       6.1
     125.0       1.0
     126.0       0.3
     127.0       0.2
     128.0       0.2
     129.0       0.2
     130.0       0.2
     131.0       0.3
     132.0       3.2
     133.0       1.4
     134.0       4.2
     135.0       1.2
     136.0       2.7
     137.0      20.4
     138.0      15.7
     139.0     100.0
     140.0      23.0
     141.0       2.1
     142.0       0.3
     143.0       0.2
     144.0       0.1
     145.0       0.1
     146.0       0.2
     147.0       0.3
     148.0       0.4
     149.0       1.8
     150.0       2.5
     151.0      18.5
     152.0       2.6
     153.0       0.6
     154.0       0.6
     155.0       0.1
     157.0       0.1
     158.0       0.1
     159.0       0.1
     160.0       0.2
     161.0       4.2
     162.0       1.4
     163.0       0.4
     164.0       0.2
     165.0       0.3
     166.0       0.2
     167.0       0.9
     168.0       0.4
     169.0       7.9
     170.0       0.9
     171.0       0.2
     172.0       0.1
     173.0       0.1
     174.0       0.1
     175.0       0.4
     176.0       0.2
     177.0       0.3
     178.0       0.2
     179.0       0.3
     180.0       0.1
     181.0       0.2
     182.0       0.1
     183.0       0.1
     184.0       0.1
     185.0       0.1
     186.0       0.1
     188.0       0.1
     189.0       0.1
     190.0       0.1
     191.0       0.1
     192.0       0.1
     193.0       0.1
     194.0       0.1
     195.0       0.1
     196.0       0.1
     197.0       0.1
     198.0       0.2
     199.0       0.1
     200.0       0.1
     201.0       0.1
     202.0       0.1
     205.0       0.1
     207.0       0.1
     208.0       0.1
     209.0       0.1
     210.0       0.1
     211.0       0.1
     212.0       0.1
     213.0       0.1
     215.0       0.1
     216.0       0.1
     221.0       0.1
     222.0       0.1
     223.0       0.1
     226.0       0.1
     227.0       0.1
     239.0       0.1
     244.0       0.2
     256.0       0.1
     257.0       0.1
     266.0       0.1
     267.0       0.1
     268.0       0.2
     269.0       0.1
     282.0       0.1
     283.0       0.1
     284.0       0.4
     285.0       0.4
     286.0       0.1
