      14.0       0.2
      15.0       0.9
      16.0       5.5
      17.0       8.1
      18.0      26.6
      19.0       0.6
      25.0       0.1
      26.0       1.0
      27.0       4.8
      28.0       7.0
      29.0       3.2
      30.0     100.0
      31.0       6.7
      32.0      54.0
      32.5       0.1
      33.0       0.7
      33.5       0.1
      36.0       0.3
      37.0       1.0
      38.0       2.0
      39.0      10.9
      40.0       1.4
      41.0       1.5
      42.0       1.2
      43.0       1.8
      44.0       0.5
      45.0       0.1
      46.0       0.2
      46.5       0.2
      47.0       0.1
      49.0       0.4
      50.0       2.6
      51.0       5.3
      51.5       0.1
      52.0       2.8
      52.5       0.4
      53.0       3.8
      54.0       1.3
      55.0       3.6
      56.0       0.4
      57.0       0.4
      58.0       0.2
      59.0       0.2
      60.0       0.2
      61.0       0.6
      62.0       1.3
      63.0       3.6
      64.0       2.3
      65.0      37.8
      66.0       4.2
      66.5       0.1
      67.0       1.8
      68.0       0.8
      69.0       0.4
      69.5       0.1
      70.0       0.7
      71.0       0.2
      73.0       0.1
      74.0       0.4
      74.5       0.1
      75.0       0.5
      75.5       0.4
      76.0       1.0
      77.0       4.6
      78.0       3.3
      79.0       1.6
      80.0       1.7
      80.5       0.1
      81.0       3.7
      82.0       1.6
      83.0       0.9
      84.0       0.2
      85.0       0.1
      86.0       0.1
      87.0       0.2
      88.0       0.4
      89.0       0.7
      90.0       0.4
      91.0       0.6
      92.0       0.9
      93.0      55.6
      94.0       6.8
      95.0       1.8
      96.0       0.5
      97.0       0.2
      98.0       0.1
     102.0       0.2
     103.0       0.8
     104.0       2.6
     105.0       1.4
     106.0       1.4
     107.0       1.2
     108.0       0.7
     109.0       2.3
     110.0       2.9
     111.0      15.1
     112.0       1.3
     113.0       0.1
     114.0       0.1
     115.0       0.6
     116.0       0.2
     117.0       0.2
     118.0       0.1
     119.0       0.1
     120.0       0.4
     121.0       0.8
     122.0       4.6
     123.0       6.9
     124.0       2.7
     125.0       0.4
     126.0       0.1
     130.0       0.1
     131.0       0.2
     132.0       1.6
     133.0       0.9
     134.0       2.1
     135.0       0.7
     136.0       1.9
     137.0       8.5
     138.0      10.5
     139.0      72.1
     140.0      16.4
     141.0       1.7
     142.0       0.1
     148.0       0.3
     149.0       1.8
     150.0       1.6
     151.0      11.2
     152.0       1.7
     153.0       0.6
     154.0       0.1
     160.0       0.1
     161.0       3.0
     162.0       0.5
     163.0       0.1
     165.0       0.1
     167.0       0.1
     168.0       0.1
     169.0       9.9
     170.0       1.0
     171.0       0.1
     175.0       0.1
     180.0       0.2
     244.0       0.1
     283.0       0.3
     284.0       0.1
     285.0       0.2
