      14.0       0.5
      15.0       0.3
      16.0       0.4
      17.0       1.0
      18.0       4.9
      19.0       0.2
      26.0       0.6
      27.0       2.9
      28.0       6.7
      29.0       1.5
      30.0       1.3
      31.0       0.3
      32.0       0.2
      34.0       0.2
      36.0       0.1
      37.0       0.3
      38.0       0.8
      39.0       4.1
      40.0       0.6
      41.0       2.4
      42.0       1.5
      43.0       2.8
      44.0       5.0
      45.0       0.6
      46.0       1.2
      49.0       0.2
      50.0       1.7
      51.0       3.7
      52.0       2.3
      52.5       0.2
      53.0       2.5
      53.5       0.2
      54.0       0.8
      55.0       2.1
      56.0       0.7
      57.0       1.4
      58.0       0.1
      58.5       0.4
      59.0       0.3
      60.0       0.5
      61.0       0.2
      62.0       0.7
      63.0       1.5
      64.0       0.5
      65.0       2.1
      66.0       0.5
      66.5       0.2
      67.0       1.1
      67.5       0.8
      68.0       1.9
      68.5       0.1
      69.0       1.3
      70.0       0.7
      71.0       0.7
      73.0       0.6
      74.0       4.5
      75.0       1.2
      76.0       0.5
      77.0      10.1
      78.0       4.2
      79.0       2.9
      80.0       1.0
      81.0       1.1
      82.0       0.5
      83.0       0.9
      84.0       0.7
      85.0       0.5
      86.0       0.1
      87.0       0.2
      88.0       0.1
      89.0       0.9
      90.0       1.0
      91.0       5.7
      92.0       0.7
      93.0       0.5
      94.0       0.9
      95.0       0.6
      96.0       0.4
      97.0       0.7
      98.0       0.7
      99.0       0.2
     100.0       0.1
     101.0       0.2
     102.0       0.1
     103.0       0.2
     104.0       0.7
     105.0       1.2
     106.0       3.2
     107.0     100.0
     108.0      13.9
     109.0       1.3
     110.0       0.3
     111.0       0.4
     112.0       0.2
     113.0       0.2
     114.0       0.1
     115.0       0.3
     116.0       0.4
     117.0       0.6
     118.0       0.7
     119.0       1.3
     120.0       1.6
     121.0       0.4
     122.0       0.1
     123.0       0.2
     124.0       0.2
     125.0       0.2
     126.0       0.1
     127.0       0.1
     129.0       0.2
     131.0       0.2
     132.0       1.2
     133.0       3.3
     134.0       1.7
     135.0       4.4
     136.0       3.8
     137.0       0.5
     138.0       0.2
     139.0       0.1
     141.0       0.1
     143.0       0.1
     145.0       0.1
     146.0       0.2
     147.0       0.3
     148.0       0.2
     149.0       0.1
     151.0       0.1
     153.0       0.1
     157.0       0.1
     161.0       0.1
     162.0       0.1
     163.0       0.4
     164.0       0.3
     165.0       0.1
     166.0       0.1
     179.0       0.7
     180.0       0.1
     181.0       3.4
     182.0       0.4
     185.0       0.1
