      17.0       0.2
      18.0       0.8
      26.0       0.2
      27.0       1.0
      28.0       4.2
      29.0       0.8
      30.0       1.2
      32.0       0.2
      36.0       0.2
      38.0       0.5
      39.0       2.0
      40.0       0.5
      41.0       0.8
      42.0       0.8
      43.0       1.1
      44.0       1.1
      45.0       0.3
      46.0       1.0
      50.0       0.9
      51.0       5.3
      52.0       1.2
      52.5       0.4
      53.0       3.4
      53.5       0.2
      54.0       0.3
      55.0       1.4
      56.0       0.3
      57.0       1.5
      62.0       0.4
      63.0       1.0
      64.0       0.4
      65.0       1.1
      66.0       0.8
      67.0       1.2
      67.5       0.1
      68.0       0.4
      69.0       0.2
      70.0       0.2
      74.0       5.4
      75.0       2.8
      75.5       0.3
      76.0       2.1
      76.5       0.2
      77.0       9.0
      78.0       2.0
      79.0       1.0
      80.0       0.4
      81.0       0.6
      89.0       0.7
      90.0       0.2
      91.0       0.2
      92.0       0.2
      93.0       0.2
      94.0       0.9
      95.0       0.5
      96.0       0.1
     103.0       0.1
     104.0       0.5
     105.0       2.2
     106.0       1.2
     107.0       2.2
     108.0       0.3
     109.0       0.8
     110.0       0.8
     116.0       0.2
     117.0       0.3
     122.0       0.7
     123.0     100.0
     124.0      13.1
     125.0       1.3
     132.0       0.3
     133.0       0.2
     134.0       0.8
     135.0       0.9
     136.0       0.8
     149.0       0.4
     150.0       0.3
     151.0       1.5
     152.0       3.1
     153.0       0.3
     163.0       0.1
     179.0       0.2
     180.0       0.2
     197.0       6.6
     198.0       0.8
