      15.0       0.2
      16.0       0.3
      17.0       0.5
      18.0       1.5
      19.0       0.1
      20.0       0.1
      26.0       0.3
      27.0       1.5
      28.0       4.7
      29.0       1.0
      30.0       1.4
      31.0       0.1
      32.0       0.1
      36.0       0.1
      37.0       0.2
      38.0       0.6
      39.0       2.6
      40.0       0.7
      41.0       1.9
      42.0       1.0
      43.0       2.0
      44.0       4.1
      45.0       0.4
      46.0       1.0
      47.0       0.1
      47.5       0.1
      49.0       0.1
      50.0       1.1
      51.0       5.0
      52.0       1.2
      52.5       0.3
      53.0       2.5
      53.5       0.2
      54.0       0.5
      55.0       1.9
      56.0       0.6
      57.0       1.5
      58.0       0.1
      59.0       0.1
      60.0       0.4
      61.0       0.3
      62.0       0.5
      63.0       1.0
      64.0       0.5
      65.0       1.5
      66.0       1.5
      66.5       0.1
      67.0       1.8
      67.5       0.1
      68.0       0.6
      69.0       1.0
      70.0       0.5
      71.0       0.6
      73.0       0.5
      74.0       5.3
      75.0       2.8
      75.5       0.2
      76.0       1.7
      76.5       0.1
      77.0       9.1
      78.0       2.7
      79.0       1.4
      80.0       0.7
      81.0       1.0
      82.0       0.6
      83.0       0.9
      84.0       0.5
      85.0       0.4
      87.0       0.2
      88.0       0.2
      89.0       0.9
      90.0       0.3
      91.0       0.4
      92.0       0.3
      93.0       0.4
      94.0       1.7
      95.0       0.9
      96.0       0.5
      97.0       0.7
      98.0       0.7
      99.0       0.1
     100.0       0.1
     101.0       0.1
     102.0       0.1
     103.0       0.5
     104.0       0.6
     105.0       2.5
     106.0       1.5
     107.0       2.7
     108.0       0.5
     109.0       0.7
     110.0       1.1
     111.0       0.4
     112.0       0.2
     113.0       0.2
     114.0       0.1
     115.0       0.2
     116.0       0.3
     117.0       0.3
     118.0       0.1
     119.0       0.2
     120.0       0.2
     121.0       0.2
     122.0       2.5
     123.0     100.0
     124.0      15.1
     125.0       1.2
     126.0       0.1
     127.0       0.1
     129.0       0.3
     130.0       0.1
     131.0       0.1
     132.0       0.3
     133.0       0.3
     134.0       0.9
     135.0       1.0
     136.0       2.1
     137.0       0.4
     138.0       0.2
     139.0       0.1
     145.0       0.1
     146.0       0.1
     147.0       0.1
     148.0       0.2
     149.0       1.0
     150.0       0.6
     151.0       3.0
     152.0       3.4
     153.0       0.4
     161.0       0.5
     162.0       0.4
     163.0       0.4
     164.0       0.3
     165.0       0.1
     166.0       0.1
     167.0       0.1
     175.0       0.1
     177.0       0.2
     178.0       0.3
     179.0       0.3
     180.0       0.2
     182.0       0.1
     185.0       0.1
     195.0       0.1
     197.0       4.4
     198.0       0.5
     199.0       0.1
