      14.0       0.1
      15.0       1.0
      16.0       0.1
      17.0       1.8
      17.5       0.2
      18.0       9.8
      20.0       0.1
      26.0       0.5
      27.0       5.0
      28.0       3.4
      29.0       0.7
      30.0      49.4
      31.0       0.7
      32.0       0.5
      35.0       2.3
      36.0      24.9
      37.0       0.7
      38.0       8.5
      39.0       4.1
      40.0       0.8
      41.0       6.5
      42.0       3.6
      43.0      28.1
      44.0      14.4
      45.0       0.4
      50.0       0.9
      51.0       3.0
      52.0       0.9
      53.0       1.1
      54.0       0.5
      55.0       1.6
      56.0       1.9
      57.0       1.2
      58.0       3.4
      59.0       0.5
      60.0       0.2
      61.0       0.2
      62.0       0.5
      63.0       1.2
      64.0       1.0
      65.0       3.9
      66.0       0.8
      67.0       0.5
      68.0       0.5
      69.0       0.4
      70.0      12.6
      71.0       1.6
      72.0     100.0
      73.0       5.2
      74.0       0.2
      75.0       0.4
      76.0       0.4
      77.0       4.3
      78.0       2.1
      79.0       0.8
      80.0       0.3
      81.0       0.9
      82.0       0.4
      83.0       0.3
      84.0       0.4
      85.0       0.4
      86.0       0.1
      87.0       0.1
      88.0       0.1
      89.0       1.2
      90.0       0.4
      91.0       0.6
      92.0       0.4
      93.0       2.7
      94.0       0.8
      95.0       0.4
      96.0       0.1
      97.0       0.1
      98.0       0.2
      99.0       0.1
     102.0       0.2
     103.0       0.7
     104.0       0.9
     105.0       1.1
     106.0       1.3
     107.0       1.4
     108.0       0.3
     109.0       0.4
     110.0       1.6
     111.0       0.6
     112.0       0.1
     115.0       0.3
     116.0       0.2
     117.0       0.3
     118.0       0.1
     119.0       0.3
     120.0       0.5
     121.0       0.3
     122.0       0.7
     123.0      18.3
     124.0      24.3
     125.0       2.1
     126.0       0.2
     128.0       0.1
     129.0       0.2
     130.0       0.3
     131.0       0.3
     132.0       1.4
     133.0       0.9
     134.0       0.7
     135.0       1.3
     136.0       2.7
     137.0       1.5
     138.0       0.5
     139.0       1.5
     140.0       0.1
     143.0       0.4
     144.0       0.1
     145.0       0.1
     146.0       0.2
     147.0       0.2
     148.0       0.8
     149.0       2.2
     150.0       1.0
     151.0       0.9
     152.0       0.4
     153.0       0.1
     155.0       0.1
     157.0       0.1
     158.0       0.3
     159.0       0.2
     160.0       0.8
     161.0       0.9
     162.0       0.5
     163.0       0.4
     164.0       0.1
     172.0       0.4
     173.0       0.2
     174.0       0.4
     175.0       0.6
     176.0       4.3
     177.0       0.6
     178.0       5.3
     179.0       0.6
     180.0       0.1
     188.0       0.1
     189.0       0.1
     190.0       0.4
     191.0       3.5
     192.0       1.4
     193.0       9.1
     194.0       1.2
     195.0       0.1
     202.0       0.1
     203.0       0.2
     204.0       0.1
     211.0       1.5
     212.0       0.2
     215.0       0.1
     217.0       0.3
     218.0       0.1
     244.0       0.1
     268.0       0.1
     270.0       0.1
