      15.0       0.2
      17.5       0.1
      18.0       0.1
      26.0       0.4
      27.0       2.2
      28.0       3.9
      29.0       0.9
      30.0      86.1
      31.0       1.8
      32.0       0.1
      35.0       3.5
      36.0      26.0
      37.0       1.2
      38.0       9.1
      39.0       5.2
      40.0       1.3
      41.0       1.6
      42.0       1.4
      43.0       1.3
      44.0       0.7
      47.5       0.1
      49.0       0.2
      50.0       2.4
      51.0      13.2
      51.5       0.1
      52.0       2.6
      52.5       0.4
      53.0       3.5
      53.5       0.1
      54.0       0.6
      55.0       2.3
      56.0       0.2
      57.0       0.1
      61.0       0.3
      62.0       1.0
      63.0       2.1
      64.0       0.9
      65.0       2.2
      66.0       1.8
      66.5       0.1
      67.0       1.7
      68.0       0.4
      69.0       0.3
      70.0       0.1
      71.0       0.1
      74.0       0.5
      75.0       0.6
      75.5       0.1
      76.0       1.0
      77.0      16.4
      78.0       7.3
      79.0       1.6
      80.0       0.5
      81.0       0.7
      82.0       0.2
      88.0       0.1
      89.0       1.0
      90.0       0.4
      91.0       0.5
      92.0       0.3
      93.0       0.3
      94.0       1.2
      95.0       1.0
      96.0       0.4
      97.0       0.1
     103.0       0.1
     104.0       0.5
     105.0       3.5
     106.0       3.4
     107.0       2.9
     108.0       0.4
     109.0       0.4
     110.0       0.7
     116.0       0.1
     117.0       0.2
     119.0       0.1
     120.0       0.1
     121.0       0.2
     122.0       0.5
     123.0      38.2
     124.0     100.0
     125.0       7.7
     126.0       0.7
     132.0       0.2
     133.0       0.1
     134.0       0.5
     135.0       0.8
     136.0       1.4
     137.0       0.2
     149.0       0.2
     150.0       0.2
     151.0       0.9
     152.0       0.5
     153.0      21.7
     154.0       2.0
     155.0       0.2
