      14.0       0.2
      15.0       0.4
      16.0       0.2
      17.0       0.8
      18.0       3.7
      20.0       0.3
      26.0       0.5
      27.0       2.2
      28.0       5.4
      29.0       0.8
      30.0     100.0
      31.0       1.7
      32.0       1.2
      37.0       0.3
      38.0       0.8
      39.0       3.5
      40.0       0.5
      41.0       0.7
      42.0       1.0
      43.0       0.7
      44.0       0.6
      45.0       0.1
      49.0       0.2
      50.0       1.5
      51.0       3.4
      52.0       2.1
      52.5       0.1
      53.0       2.4
      54.0       0.4
      55.0       1.2
      56.0       0.3
      57.0       0.1
      58.0       0.1
      58.5       0.2
      59.0       0.1
      60.0       0.1
      61.0       0.3
      62.0       0.8
      63.0       1.5
      64.0       0.5
      65.0       1.7
      66.0       0.6
      66.5       0.1
      67.0       0.4
      67.5       0.2
      68.0       0.4
      69.0       0.1
      73.0       0.1
      74.0       0.3
      75.0       0.4
      76.0       0.2
      77.0       8.9
      78.0       2.8
      79.0       2.2
      80.0       1.1
      81.0       0.6
      82.0       0.1
      85.0       0.1
      86.0       0.1
      87.0       0.1
      89.0       0.6
      90.0       1.1
      91.0       2.6
      92.0       0.4
      93.0       0.8
      94.0       0.5
      95.0       0.1
     103.0       0.1
     104.0       0.2
     105.0       0.5
     106.0       1.1
     107.0      26.3
     108.0      47.6
     109.0       3.9
     110.0       0.3
     116.0       0.1
     117.0       0.3
     118.0       0.3
     119.0       0.6
     120.0       1.3
     121.0       0.2
     132.0       0.1
     133.0       0.3
     134.0       0.3
     135.0       0.8
     136.0       0.3
     137.0       8.2
     138.0       0.8
