      15.0       0.2
      16.0       0.1
      17.0       0.3
      18.0       1.8
      19.0       0.1
      26.0       0.2
      27.0       1.3
      28.0       4.3
      29.0       0.7
      30.0       1.1
      37.0       0.1
      38.0       0.4
      39.0       2.4
      40.0       0.3
      41.0       0.4
      42.0       0.9
      43.0       1.3
      44.0       1.0
      45.0       0.3
      46.0       1.0
      50.0       0.7
      51.0       1.9
      52.0       1.2
      52.5       0.2
      53.0       1.6
      53.5       0.1
      54.0       0.3
      55.0       0.8
      56.0       0.2
      57.0       0.8
      58.5       0.3
      59.0       0.2
      61.0       0.1
      62.0       0.3
      63.0       0.9
      64.0       0.2
      65.0       1.4
      66.0       0.3
      66.5       0.1
      67.0       0.3
      67.5       0.7
      68.0       1.4
      68.5       0.1
      74.0       4.6
      75.0       1.1
      76.0       0.2
      77.0       7.6
      78.0       2.0
      79.0       1.7
      80.0       0.6
      81.0       0.4
      84.0       0.1
      89.0       0.5
      90.0       0.5
      91.0       4.6
      92.0       0.5
      93.0       0.1
      94.0       0.6
      95.0       0.1
     104.0       0.2
     105.0       0.3
     106.0       1.3
     107.0     100.0
     108.0      12.9
     109.0       1.0
     116.0       0.2
     117.0       0.4
     118.0       0.6
     119.0       1.1
     120.0       1.0
     121.0       0.1
     132.0       0.2
     133.0       0.6
     134.0       1.2
     135.0       2.3
     136.0       3.6
     137.0       0.3
     146.0       0.1
     147.0       0.2
     148.0       0.1
     162.0       0.2
     163.0       0.7
     164.0       0.2
     181.0       3.0
     182.0       0.2
