      15.0       0.4
      16.0       0.1
      17.0       0.9
      18.0       5.8
      19.0       0.3
      26.0       0.1
      27.0       1.0
      28.0      10.7
      29.0       1.0
      30.0       2.6
      32.0       0.1
      37.0       0.1
      38.0       0.5
      39.0       3.9
      40.0       0.5
      41.0       1.6
      42.0       2.8
      43.0       1.8
      44.0       0.9
      45.0       0.5
      45.5       0.1
      46.0       5.0
      46.5       0.2
      47.0       0.2
      50.0       1.3
      51.0       3.6
      52.0       0.9
      53.0       0.5
      54.0       0.2
      55.0       0.1
      56.0       0.8
      57.0       0.4
      58.5       1.3
      59.0       0.2
      59.5       1.7
      60.0       3.0
      60.5       0.2
      61.0       0.2
      62.0       0.6
      63.0       2.1
      64.0       0.6
      65.0       8.6
      66.0       0.7
      67.0       0.1
      69.0       0.2
      71.0       0.1
      74.0     100.0
      75.0       3.0
      76.0       0.8
      77.0       5.5
      78.0       1.3
      79.0       0.4
      80.0       0.2
      86.0       0.1
      87.0       0.1
      89.0       1.7
      90.0       1.2
      91.0      44.4
      92.0      16.3
      93.0       3.1
      94.0       0.3
     101.0       0.1
     102.0       0.6
     103.0       7.2
     104.0       2.4
     105.0       0.3
     116.0       0.3
     117.0       1.2
     118.0       3.2
     119.0       3.0
     120.0      56.2
     121.0       5.3
     122.0       0.2
     130.0       0.2
     131.0       0.2
     132.0       0.2
     146.0       0.2
     147.0       0.6
     148.0       0.3
     163.0       0.1
     165.0       2.1
     166.0       0.4
