      15.0       0.4
      18.0       0.3
      26.0       0.5
      27.0      12.3
      28.0       2.6
      29.0      21.5
      30.0       0.4
      32.0       0.1
      38.0       0.2
      39.0       7.6
      40.0       1.4
      41.0      33.9
      42.0      12.7
      43.0     100.0
      44.0       3.3
      50.0       0.1
      51.0       0.4
      52.0       0.2
      53.0       1.5
      54.0       0.9
      55.0      11.8
      56.0      15.8
      57.0      86.4
      58.0       4.1
      65.0       0.1
      67.0       0.5
      68.0       0.3
      69.0       3.5
      70.0      10.4
      71.0      31.3
      72.0       1.7
      77.0       0.1
      82.0       0.1
      83.0       0.7
      84.0       6.1
      85.0      19.2
      86.0       1.2
      98.0       2.9
      99.0       4.3
     100.0       0.3
     112.0       1.1
     113.0       2.7
     114.0       0.2
     142.0       3.0
     143.0       0.3
