      14.0       0.7
      15.0       0.9
      16.0       0.3
      17.0       0.1
      18.0       0.4
      26.0       1.3
      27.0      16.5
      28.0      20.3
      29.0      23.1
      30.0       0.5
      32.0       5.6
      37.0       0.3
      38.0       1.0
      39.0      14.5
      40.0       2.9
      41.0      56.8
      42.0      25.9
      43.0      54.4
      44.0       2.0
      49.0       0.1
      50.0       0.8
      51.0       1.3
      52.0       0.5
      53.0       2.3
      54.0       0.8
      55.0       7.9
      56.0      47.0
      57.0     100.0
      58.0       4.4
      59.0       0.1
      61.0       0.1
      62.0       0.1
      63.0       0.3
      65.0       0.3
      66.0       0.1
      67.0       0.4
      68.0       0.1
      69.0       1.2
      70.0       1.1
      71.0       7.3
      72.0       0.4
      74.0       0.1
      77.0       0.1
      79.0       0.1
      83.0       0.1
      84.0       0.6
      85.0       0.8
      86.0      22.4
      87.0       1.5
      88.0       0.1
