      15.0       0.3
      26.0       0.6
      27.0      12.0
      29.0      20.7
      30.0       0.5
      38.0       0.5
      39.0      10.2
      40.0       1.8
      41.0      45.2
      42.0      19.1
      43.0     100.0
      44.0       3.2
      50.0       0.4
      51.0       0.7
      52.0       0.3
      53.0       1.8
      54.0       0.6
      55.0      12.3
      56.0      32.0
      57.0      58.1
      58.0       2.5
      63.0       0.2
      65.0       0.3
      67.0       0.4
      69.0       1.1
      70.0      29.4
      71.0      71.8
      72.0       3.9
      77.0       0.1
      83.0       0.1
      84.0       0.3
      85.0       3.5
      86.0       0.2
      98.0       0.1
     100.0      24.7
     101.0       1.9