     15.0       0.9
      17.0       0.1
      18.0       0.7
      26.0       1.2
      27.0      20.1
      28.0       4.4
      29.0      27.4
      30.0       0.6
      32.0       0.1
      37.0       0.1
      38.0       0.5
      39.0      12.3
      40.0       2.1
      41.0      43.8
      42.0      15.3
      43.0     100.0
      44.0       3.2
      50.0       0.4
      51.0       0.7
      52.0       0.3
      53.0       1.9
      54.0       0.8
      55.0      11.4
      56.0      18.4
      57.0      33.5
      58.0       1.5
      62.0       0.1
      63.0       0.2
      65.0       0.2
      67.0       0.4
      68.0       0.1
      69.0       1.6
      70.0      12.1
      71.0      20.4
      72.0       1.0
      77.0       0.1
      83.0       0.1
      84.0       7.1
      85.0      26.5
      86.0       1.8
     114.0       6.0
     115.0       0.6
