      15.0       0.5
      18.0       0.2
      26.0       0.5
      27.0      12.0
      28.0       1.0
      29.0      20.7
      30.0       0.5
      32.0       0.1
      37.0       0.1
      38.0       0.2
      39.0       7.0
      40.0       1.2
      41.0      30.6
      42.0      12.1
      43.0     100.0
      44.0       3.4
      50.0       0.2
      51.0       0.4
      52.0       0.2
      53.0       1.3
      54.0       0.8
      55.0      10.8
      56.0      17.1
      57.0      76.2
      58.0       3.7
      65.0       0.1
      67.0       0.4
      68.0       0.2
      69.0       2.6
      70.0      12.4
      71.0      22.4
      72.0       1.4
      77.0       0.1
      81.0       0.1
      83.0       0.3
      84.0       6.9
      85.0      26.0
      86.0       1.8
      97.0       0.2
      98.0       3.3
      99.0       5.8
     100.0       0.4
     128.0       4.4
     129.0       0.5
