      17.0       1.1
      18.0       5.9
      27.0       0.3
      28.0       1.0
      29.0       0.3
      30.0       5.9
      35.0       0.6
      36.0       9.8
      37.0       0.2
      38.0       3.3
      39.0       0.8
      40.0       0.1
      41.0       0.4
      42.0       0.2
      43.0       0.5
      50.0       0.3
      51.0       0.8
      52.0       0.5
      53.0       0.3
      54.0       0.1
      55.0       0.6
      56.0       0.3
      57.0       1.1
      58.5       0.7
      59.0       0.1
      62.0       0.3
      63.0       1.0
      64.0       0.4
      64.5       0.3
      65.0       2.7
      66.0       0.3
      67.0       0.3
      68.0       0.1
      69.0       0.6
      70.0       0.3
      71.0       1.0
      73.0       0.7
      73.5       0.2
      74.0       0.2
      75.0       0.3
      76.0       0.3
      77.0       1.0
      78.0       0.5
      79.0       0.3
      80.0       0.2
      81.0       0.4
      82.0       0.4
      83.0       0.7
      84.0       0.2
      85.0       0.7
      87.0       0.2
      89.0       1.7
      90.0       1.5
      91.0       5.2
      92.0       0.6
      93.0       0.3
      94.0       0.1
      95.0       0.4
      96.0       0.3
      97.0       0.8
      98.0       0.2
      99.0       0.3
     101.0       0.6
     102.0       0.3
     103.0       0.5
     104.0       0.4
     105.0       0.4
     106.0       0.2
     107.0       0.1
     108.0       0.2
     109.0       0.4
     110.0       0.2
     111.0       0.6
     112.0       0.1
     113.0       0.3
     115.0       0.2
     116.0       0.6
     117.0       4.8
     118.0       4.9
     119.0       0.8
     120.0       0.3
     121.0       0.2
     123.0       0.3
     124.0       0.1
     125.0       0.4
     126.0       0.1
     127.0       0.2
     128.0       1.6
     129.0       0.4
     130.0       1.5
     131.0       0.8
     132.0       0.4
     133.0       1.1
     134.0       0.2
     135.0       0.2
     136.0       0.1
     137.0       0.2
     138.0       0.1
     139.0       0.2
     141.0       0.2
     142.0       0.1
     143.0       0.1
     144.0       0.6
     145.0       2.2
     146.0     100.0
     147.0      67.0
     148.0       6.9
     149.0       0.9
     151.0       0.2
     153.0       0.1
     155.0       0.1
     156.0       0.2
     157.0       0.3
     158.0       0.7
     159.0       1.4
     160.0       0.4
     161.0       0.2
     165.0       0.1
     167.0       0.1
     171.0       0.2
     172.0       0.2
     173.0       0.2
     174.0       0.6
     175.0       0.5
     176.0      27.2
     177.0       3.3
     178.0       0.3
