      12.0       0.1
      16.0       0.1
      17.0       0.4
      18.0       1.2
      27.0       0.2
      28.0       2.0
      29.0       2.3
      30.0       5.8
      31.0       0.1
      37.0       0.1
      38.0       0.2
      39.0       1.1
      40.0       0.1
      41.0       0.3
      42.0       0.1
      43.0       0.1
      44.0       4.0
      45.0      15.7
      46.0       8.7
      47.0       0.2
      50.0       0.4
      51.0       1.1
      52.0       0.7
      53.0       0.3
      54.0       0.2
      55.0       0.2
      56.0       0.6
      57.0       0.1
      58.0       0.1
      58.5       0.4
      59.0       0.1
      60.0       0.1
      61.0       0.1
      62.0       0.5
      63.0       1.5
      64.0       0.6
      64.5       0.2
      65.0       3.0
      66.0       0.3
      67.0       0.1
      68.0       0.1
      72.0       0.1
      72.5       0.1
      73.0       0.4
      73.5       0.1
      74.0       0.3
      75.0       0.5
      76.0       0.4
      77.0       1.1
      78.0       0.6
      78.5       0.1
      79.0       0.3
      80.0       0.2
      81.0       0.1
      82.0       0.1
      86.0       0.1
      87.0       0.3
      87.5       0.1
      88.0       0.2
      89.0       2.4
      90.0       1.9
      91.0       5.4
      92.0       0.7
      93.0       0.3
      94.0       0.1
      98.0       0.1
      99.0       0.1
     100.0       0.1
     101.0       0.7
     102.0       0.6
     103.0       0.6
     104.0       0.5
     105.0       0.3
     106.0       0.1
     107.0       0.1
     108.0       0.1
     114.0       0.1
     115.0       0.2
     116.0       1.0
     117.0       5.4
     118.0       3.9
     119.0       0.9
     120.0       0.3
     127.0       0.1
     128.0       1.6
     129.0       0.4
     130.0       1.4
     131.0       0.5
     132.0       0.3
     133.0       0.9
     134.0       0.2
     140.0       0.1
     142.0       0.1
     143.0       0.1
     144.0       0.7
     145.0       2.9
     146.0     100.0
     147.0      52.3
     148.0       5.4
     149.0       0.4
     155.0       0.1
     156.0       0.2
     157.0       0.4
     158.0       0.7
     159.0       1.0
     160.0       0.3
     171.0       0.1
     172.0       0.2
     173.0       0.2
     174.0       0.8
     175.0       0.8
     176.0      21.4
     177.0       2.5
     178.0       0.2
     213.0       0.1
     278.0       0.1
