      15.0       0.9
      17.0       0.6
      18.0       2.9
      26.0       0.1
      27.0       1.1
      28.0       2.1
      29.0       0.5
      30.0       2.7
      31.0       0.9
      32.0       0.1
      37.0       0.1
      38.0       0.3
      39.0       2.0
      40.0       0.2
      41.0       0.4
      42.0       8.9
      43.0       1.3
      44.0     100.0
      45.0       5.6
      46.0       2.7
      50.0       0.5
      51.0       1.6
      52.0       0.6
      53.0       0.7
      54.0       0.2
      55.0       0.8
      56.0       0.1
      57.0       0.2
      58.0       0.1
      58.5       0.1
      61.0       0.1
      62.0       0.3
      63.0       0.9
      64.0       0.5
      65.0       4.5
      66.0       0.5
      67.0       0.2
      74.0       0.1
      75.0       0.1
      76.0       0.1
      77.0       1.5
      78.0       1.0
      79.0       0.3
      80.0       0.1
      81.0       0.7
      82.0       0.3
      83.0       0.1
      89.0       0.3
      90.0       0.2
      91.0       0.2
      92.0       0.2
      93.0       4.5
      94.0       0.6
      95.0       0.2
     104.0       0.2
     105.0       0.2
     106.0       0.4
     107.0       0.4
     108.0       0.1
     109.0       0.4
     110.0       0.6
     111.0       1.0
     117.0       0.2
     118.0       0.3
     119.0       0.1
     121.0       0.1
     122.0       0.3
     123.0       2.2
     124.0       5.5
     125.0       0.4
     132.0       0.2
     133.0       0.1
     134.0       0.2
     135.0       0.2
     136.0       0.9
     137.0       1.3
     138.0       0.6
     139.0       2.1
     140.0       0.8
     146.0       0.4
     147.0       0.1
     148.0       0.3
     149.0       0.1
     152.0       0.1
     162.0       0.2
     163.0       0.9
     164.0       0.4
     165.0       3.2
     166.0       0.4
     176.0       0.1
     183.0       2.0
     184.0       0.2
