      15.0       0.4
      17.0       0.2
      18.0       0.8
      26.0       0.1
      27.0       0.9
      28.0       1.3
      29.0       0.4
      30.0       1.2
      31.0       0.1
      32.0       0.1
      37.0       0.1
      38.0       0.3
      39.0       2.4
      40.0       0.3
      41.0       0.5
      42.0       5.8
      43.0       1.3
      44.0     100.0
      45.0       5.5
      46.0       3.0
      47.0       0.1
      50.0       0.6
      51.0       1.9
      52.0       0.8
      53.0       1.1
      54.0       0.3
      55.0       1.2
      56.0       0.2
      57.0       0.3
      58.0       0.2
      58.5       0.3
      59.0       0.1
      60.0       0.1
      61.0       0.1
      62.0       0.4
      63.0       1.4
      64.0       0.9
      65.0       6.8
      66.0       0.8
      67.0       0.4
      68.0       0.2
      68.5       0.1
      69.0       0.1
      71.0       0.1
      72.0       0.1
      73.0       0.1
      74.0       0.2
      75.0       0.3
      76.0       0.3
      77.0       2.2
      78.0       1.2
      79.0       0.6
      80.0       0.3
      81.0       1.5
      81.5       0.1
      82.0       0.6
      82.5       0.3
      83.0       0.2
      84.0       0.2
      87.0       0.1
      88.0       0.1
      89.0       0.7
      90.0       0.3
      91.0       0.4
      92.0       0.4
      93.0       9.2
      94.0       1.2
      95.0       0.5
      96.0       0.1
      97.0       0.1
     102.0       0.1
     103.0       0.1
     104.0       0.5
     105.0       0.5
     106.0       0.7
     107.0       0.9
     108.0       0.4
     109.0       1.2
     110.0       1.3
     111.0       2.7
     112.0       0.2
     116.0       0.1
     117.0       0.3
     118.0       0.8
     119.0       0.3
     120.0       0.2
     121.0       0.3
     122.0       0.7
     123.0       3.6
     124.0       6.1
     125.0       0.5
     126.0       0.1
     128.0       0.1
     130.0       0.1
     131.0       0.1
     132.0       0.5
     133.0       0.3
     134.0       0.3
     135.0       0.6
     136.0       2.3
     137.0       3.9
     138.0       1.6
     139.0       4.8
     140.0       2.0
     141.0       0.2
     146.0       1.0
     147.0       0.4
     148.0       1.1
     149.0       0.4
     150.0       0.2
     151.0       0.2
     152.0       0.4
     153.0       0.1
     161.0       0.1
     162.0       0.4
     163.0       0.6
     164.0       1.1
     165.0       6.9
     166.0       1.4
     167.0       0.2
     175.0       0.3
     176.0       0.3
     177.0       0.1
     179.0       0.1
     181.0       0.1
     183.0       3.6
     184.0       0.6
     185.0       0.1
     189.0       0.1
     190.0       0.1
     192.0       0.1
     216.0       0.1
     298.0       0.1
     299.0       0.1
