      13.0       0.1
      14.0       0.4
      15.0       0.9
      16.0       0.2
      17.0       1.6
      18.0       6.9
      25.0       0.3
      26.0       1.7
      26.5       0.3
      27.0       4.5
      27.5       0.5
      28.0      12.5
      28.5       0.2
      29.0       3.3
      30.0     100.0
      31.0       2.2
      32.0       0.3
      37.0       0.4
      38.0       0.5
      39.0       2.7
      40.0       1.8
      41.0       9.8
      41.5       0.1
      42.0       8.9
      43.0      14.0
      44.0       9.8
      45.0       2.2
      46.0       0.3
      47.0       0.1
      51.0       0.2
      52.0       0.6
      53.0       0.2
      54.0       0.9
      55.0       1.3
      56.0       4.5
      57.0       1.1
      58.0       0.2
      59.0       0.2
      60.0       0.4
      61.0       0.2
      66.0       0.2
      67.0       0.1
      68.0       0.3
      69.0       1.4
      70.0       0.1
      71.0       0.1
      73.0       0.7
      74.0       0.3
      75.0       0.2
      81.0       0.1
      82.0       0.1
      83.0       0.2
      84.0       4.5
      85.0      11.7
      86.0       1.5
      87.0       0.2
      88.0       0.1
      97.0       0.1
     102.0       0.1
     103.0       5.7
     104.0       0.4
     105.0       0.2
     138.0       0.1
     149.0       0.2
     150.0       0.1
